87
89
74
65
106
135
104
98
75
1340277
71
117
1372643
73
126
110
128
1402846
1312883
92
54
57
79
60
130
84
127
53
120
132
125
103
48
68
112
82
101
123
67
83
1368367
124
100
1543462
122
95
64
90
119
115
70
80
121
29
63
44
3
86
42
62
85
91
105
88
50
107
102
93
1338274
24
94
69
108
114
61
1381200
1
97
40
34
118
6
35
59
39
25
36
113
20
129
1418544
38
33
7
1432733
1420892
37
1448762
1513328
58
1397455
1601012
1473388
1594259
1572362
1529867
1489936
1568554
1555350
1580541
1655268
1615454
1451122
1695365
1671262
1682240
1508783
1492288
1717688
1623475
1635221
1648578
1760238
1747549
1727711
1815268
1755623
1786529
1666445
1702123
1879752
1850016
1799745
1804577
1827457
1881268
1834850